23
Acanthogorgia_hirsuta     0.0000000 0.0657282 0.0657282 0.0657716 0.2160845 0.0668564 0.0639194 0.0639194 0.0687610 0.0751972 0.0745804 0.0641382 0.0640519 0.0695979 0.0731173 0.0675861 0.0694531 0.0658278 0.0493994 0.0617511 0.0694531 0.1730970 0.0675803 
Atl_01                    0.0657282 0.0000000 0.0000010 0.0032836 0.2304976 0.0033350 0.0016389 0.0016389 0.0017102 0.0018607 0.0018463 0.0016442 0.0000010 0.0049439 0.0099043 0.0049311 0.0065862 0.0166259 0.0589950 0.0610878 0.0065862 0.2017028 0.0267089 
Atl_02                    0.0657282 0.0000010 0.0000000 0.0032836 0.2304976 0.0033350 0.0016389 0.0016389 0.0017102 0.0018607 0.0018463 0.0016442 0.0000010 0.0049439 0.0099043 0.0049311 0.0065862 0.0166259 0.0589950 0.0610878 0.0065862 0.2017028 0.0267089 
Atl_03                    0.0657716 0.0032836 0.0032836 0.0000000 0.2306737 0.0033371 0.0016399 0.0016399 0.0017084 0.0000010 0.0000010 0.0000010 0.0016438 0.0066037 0.0065815 0.0049342 0.0065907 0.0166365 0.0610931 0.0631955 0.0065907 0.2018523 0.0267259 
Funiculina_quadrangularis 0.2160845 0.2304976 0.2304976 0.2306737 0.0000000 0.2278947 0.2281964 0.2281964 0.2427968 0.2693399 0.2667824 0.2290899 0.2287395 0.2338456 0.2380100 0.2329838 0.2332874 0.2175638 0.2554447 0.2472159 0.2332874 0.1019870 0.2217805 
Marmara_19                0.0668564 0.0033350 0.0033350 0.0033371 0.2278947 0.0000000 0.0016655 0.0016655 0.0034828 0.0018962 0.0018812 0.0016710 0.0016689 0.0016689 0.0033408 0.0016674 0.0016655 0.0169004 0.0601858 0.0623234 0.0016655 0.2032968 0.0271515 
Marmara_20                0.0639194 0.0016389 0.0016389 0.0016399 0.2281964 0.0016655 0.0000000 0.0000010 0.0017102 0.0018607 0.0018463 0.0000010 0.0000010 0.0049439 0.0082440 0.0032836 0.0049342 0.0149458 0.0589950 0.0610878 0.0049342 0.1995009 0.0250100 
Marmara_3                 0.0639194 0.0016389 0.0016389 0.0016399 0.2281964 0.0016655 0.0000010 0.0000000 0.0017102 0.0018607 0.0018463 0.0000010 0.0000010 0.0049439 0.0082440 0.0032836 0.0049342 0.0149458 0.0589950 0.0610878 0.0049342 0.1995009 0.0250100 
Marmara_31                0.0687610 0.0017102 0.0017102 0.0017084 0.2427968 0.0034828 0.0017102 0.0017102 0.0000000 0.0018576 0.0018439 0.0000010 0.0017102 0.0068747 0.0085904 0.0051463 0.0068747 0.0173608 0.0610931 0.0631955 0.0068747 0.2121635 0.0278946 
Marmara_33                0.0751972 0.0018607 0.0018607 0.0000010 0.2693399 0.0018962 0.0018607 0.0018607 0.0018576 0.0000000 0.0000010 0.0000010 0.0018607 0.0074828 0.0055919 0.0018607 0.0074828 0.0189134 0.0610931 0.0631955 0.0074828 0.2346549 0.0304008 
Marmara_34                0.0745804 0.0018463 0.0018463 0.0000010 0.2667824 0.0018812 0.0018463 0.0018463 0.0018439 0.0000010 0.0000000 0.0000010 0.0018463 0.0074246 0.0055485 0.0018463 0.0074246 0.0187648 0.0610931 0.0631955 0.0074246 0.2324905 0.0301610 
Marmara_42                0.0641382 0.0016442 0.0016442 0.0000010 0.2290899 0.0016710 0.0000010 0.0000010 0.0000010 0.0000010 0.0000010 0.0000000 0.0000010 0.0049601 0.0066049 0.0032943 0.0049505 0.0149949 0.0592249 0.0613264 0.0049505 0.2002617 0.0250926 
Marmara_43                0.0640519 0.0000010 0.0000010 0.0016438 0.2287395 0.0016689 0.0000010 0.0000010 0.0017102 0.0018607 0.0018463 0.0000010 0.0000000 0.0049439 0.0082603 0.0032900 0.0049439 0.0149755 0.0589950 0.0610878 0.0049439 0.1999632 0.0250600 
Marmara_7                 0.0695979 0.0049439 0.0049439 0.0066037 0.2338456 0.0016689 0.0049439 0.0049439 0.0068747 0.0074828 0.0074246 0.0049601 0.0049439 0.0000000 0.0099413 0.0082643 0.0000010 0.0200639 0.0652695 0.0673884 0.0000010 0.2069286 0.0302182 
Monte_01                  0.0731173 0.0099043 0.0099043 0.0065815 0.2380100 0.0033408 0.0082440 0.0082440 0.0085904 0.0055919 0.0055485 0.0066049 0.0082603 0.0099413 0.0000000 0.0099154 0.0099217 0.0234197 0.0673020 0.0694268 0.0099217 0.2109269 0.0335929 
Monte_02                  0.0675861 0.0049311 0.0049311 0.0049342 0.2329838 0.0016674 0.0032836 0.0032836 0.0051463 0.0018607 0.0018463 0.0032943 0.0032900 0.0082643 0.0099154 0.0000000 0.0082480 0.0183217 0.0589950 0.0610878 0.0082480 0.2040624 0.0284299 
Monte_03                  0.0694531 0.0065862 0.0065862 0.0065907 0.2332874 0.0016655 0.0049342 0.0049342 0.0068747 0.0074828 0.0074246 0.0049505 0.0049439 0.0000010 0.0099217 0.0082480 0.0000000 0.0200239 0.0652695 0.0673884 0.0000010 0.2064472 0.0301577 
Muriceides_lepida         0.0658278 0.0166259 0.0166259 0.0166365 0.2175638 0.0169004 0.0149458 0.0149458 0.0173608 0.0189134 0.0187648 0.0149949 0.0149755 0.0200639 0.0234197 0.0183217 0.0200239 0.0000000 0.0570776 0.0550997 0.0200239 0.1893430 0.0149606 
Paramuricea_clavata       0.0493994 0.0589950 0.0589950 0.0610931 0.2554447 0.0601858 0.0589950 0.0589950 0.0610931 0.0610931 0.0610931 0.0592249 0.0589950 0.0652695 0.0673020 0.0589950 0.0652695 0.0570776 0.0000000 0.0173152 0.0652695 0.2084397 0.0631432 
Paramuricea_macrospina    0.0617511 0.0610878 0.0610878 0.0631955 0.2472159 0.0623234 0.0610878 0.0610878 0.0631955 0.0631955 0.0631955 0.0613264 0.0610878 0.0673884 0.0694268 0.0610878 0.0673884 0.0550997 0.0173152 0.0000000 0.0673884 0.2132352 0.0611587 
Patti_16A                 0.0694531 0.0065862 0.0065862 0.0065907 0.2332874 0.0016655 0.0049342 0.0049342 0.0068747 0.0074828 0.0074246 0.0049505 0.0049439 0.0000010 0.0099217 0.0082480 0.0000010 0.0200239 0.0652695 0.0673884 0.0000000 0.2064472 0.0301577 
Pteroeides_griseum        0.1730970 0.2017028 0.2017028 0.2018523 0.1019870 0.2032968 0.1995009 0.1995009 0.2121635 0.2346549 0.2324905 0.2002617 0.1999632 0.2069286 0.2109269 0.2040624 0.2064472 0.1893430 0.2084397 0.2132352 0.2064472 0.0000000 0.1891028 
Villagorgia_bebricoides   0.0675803 0.0267089 0.0267089 0.0267259 0.2217805 0.0271515 0.0250100 0.0250100 0.0278946 0.0304008 0.0301610 0.0250926 0.0250600 0.0302182 0.0335929 0.0284299 0.0301577 0.0149606 0.0631432 0.0611587 0.0301577 0.1891028 0.0000000 
